function mpc = case118_pso

%% MATPOWER Case Format : Version 2
mpc.version = '2';

%%-----  Power Flow Data  -----% 
%% system MVA base
mpc.baseMVA = 100.000000;


%%    branch    data
%   fbus  tbus     r         x         b      rateA  rateB  rateC  ratio  angle status angmin angmax
mpc.branch = [
    1       2       0.030300000000000  0.099900000000000  0.025400   9900.00  0.00    0.00    0.000000000   0.000000000   1       -360.000  360.000 ;
    1       3       0.012900000000000  0.042400000000000  0.010820   9900.00  0.00    0.00    0.000000000   0.000000000   1       -360.000  360.000 ;
    4       5       0.001760000000000  0.007980000000000  0.002100   9900.00  0.00    0.00    0.000000000   0.000000000   1       -360.000  360.000 ;
    3       5       0.024100000000000  0.108000000000000  0.028400   9900.00  0.00    0.00    0.000000000   0.000000000   1       -360.000  360.000 ;
    5       6       0.011900000000000  0.054000000000000  0.014260   9900.00  0.00    0.00    0.000000000   0.000000000   1       -360.000  360.000 ;
    6       7       0.004590000000000  0.020800000000000  0.005500   9900.00  0.00    0.00    0.000000000   0.000000000   1       -360.000  360.000 ;
    8       9       0.002440000000000  0.030500000000000  1.162000   9900.00  0.00    0.00    0.000000000   0.000000000   1       -360.000  360.000 ;
    8       5       0.000000000000000  0.026700000000000  0.000000   9900.00  0.00    0.00    0.975000000   0.000000000   1       -360.000  360.000 ;
    9       10      0.002580000000000  0.032200000000000  1.230000   9900.00  0.00    0.00    0.000000000   0.000000000   1       -360.000  360.000 ;
    4       11      0.020900000000000  0.068800000000000  0.017480   9900.00  0.00    0.00    0.000000000   0.000000000   1       -360.000  360.000 ;
    5       11      0.020300000000000  0.068200000000000  0.017380   9900.00  0.00    0.00    0.000000000   0.000000000   1       -360.000  360.000 ;
    11      12      0.005950000000000  0.019600000000000  0.005020   9900.00  0.00    0.00    0.000000000   0.000000000   1       -360.000  360.000 ;
    2       12      0.018700000000000  0.061600000000000  0.015720   9900.00  0.00    0.00    0.000000000   0.000000000   1       -360.000  360.000 ;
    3       12      0.048400000000000  0.160000000000000  0.040600   9900.00  0.00    0.00    0.000000000   0.000000000   1       -360.000  360.000 ;
    7       12      0.008620000000000  0.034000000000000  0.008740   9900.00  0.00    0.00    0.000000000   0.000000000   1       -360.000  360.000 ;
    11      13      0.022250000000000  0.073100000000000  0.018760   9900.00  0.00    0.00    0.000000000   0.000000000   1       -360.000  360.000 ;
    12      14      0.021500000000000  0.070700000000000  0.018160   9900.00  0.00    0.00    0.000000000   0.000000000   1       -360.000  360.000 ;
    13      15      0.074400000000000  0.244400000000000  0.062680   9900.00  0.00    0.00    0.000000000   0.000000000   1       -360.000  360.000 ;
    14      15      0.059500000000000  0.195000000000000  0.050200   9900.00  0.00    0.00    0.000000000   0.000000000   1       -360.000  360.000 ;
    12      16      0.021200000000000  0.083400000000000  0.021400   9900.00  0.00    0.00    0.000000000   0.000000000   1       -360.000  360.000 ;
    15      17      0.013200000000000  0.043700000000000  0.044400   9900.00  0.00    0.00    0.000000000   0.000000000   1       -360.000  360.000 ;
    16      17      0.045400000000000  0.180100000000000  0.046600   9900.00  0.00    0.00    0.000000000   0.000000000   1       -360.000  360.000 ;
    17      18      0.012300000000000  0.050500000000000  0.012980   9900.00  0.00    0.00    0.000000000   0.000000000   1       -360.000  360.000 ;
    18      19      0.011190000000000  0.049300000000000  0.011420   9900.00  0.00    0.00    0.000000000   0.000000000   1       -360.000  360.000 ;
    19      20      0.025200000000000  0.117000000000000  0.029800   9900.00  0.00    0.00    0.000000000   0.000000000   1       -360.000  360.000 ;
    15      19      0.012000000000000  0.039400000000000  0.010100   9900.00  0.00    0.00    0.000000000   0.000000000   1       -360.000  360.000 ;
    20      21      0.018300000000000  0.084900000000000  0.021600   9900.00  0.00    0.00    0.000000000   0.000000000   1       -360.000  360.000 ;
    21      22      0.020900000000000  0.097000000000000  0.024600   9900.00  0.00    0.00    0.000000000   0.000000000   1       -360.000  360.000 ;
    22      23      0.034200000000000  0.159000000000000  0.040400   9900.00  0.00    0.00    0.000000000   0.000000000   1       -360.000  360.000 ;
    23      24      0.013500000000000  0.049200000000000  0.049800   9900.00  0.00    0.00    0.000000000   0.000000000   1       -360.000  360.000 ;
    23      25      0.015600000000000  0.080000000000000  0.086400   9900.00  0.00    0.00    0.000000000   0.000000000   1       -360.000  360.000 ;
    26      25      0.000000000000000  0.038200000000000  0.000000   9900.00  0.00    0.00    1.050000000   0.000000000   1       -360.000  360.000 ;
    25      27      0.031800000000000  0.163000000000000  0.176400   9900.00  0.00    0.00    0.000000000   0.000000000   1       -360.000  360.000 ;
    27      28      0.019130000000000  0.085500000000000  0.021600   9900.00  0.00    0.00    0.000000000   0.000000000   1       -360.000  360.000 ;
    28      29      0.023700000000000  0.094300000000000  0.023800   9900.00  0.00    0.00    0.000000000   0.000000000   1       -360.000  360.000 ;
    30      17      0.000000000000000  0.038800000000000  0.000000   9900.00  0.00    0.00    0.987500000   0.000000000   1       -360.000  360.000 ;
    8       30      0.004310000000000  0.050400000000000  0.514000   9900.00  0.00    0.00    0.000000000   0.000000000   1       -360.000  360.000 ;
    26      30      0.007990000000000  0.086000000000000  0.908000   9900.00  0.00    0.00    0.000000000   0.000000000   1       -360.000  360.000 ;
    17      31      0.047400000000000  0.156300000000000  0.039900   9900.00  0.00    0.00    0.000000000   0.000000000   1       -360.000  360.000 ;
    29      31      0.010800000000000  0.033100000000000  0.008300   9900.00  0.00    0.00    0.000000000   0.000000000   1       -360.000  360.000 ;
    23      32      0.031700000000000  0.115300000000000  0.117300   9900.00  0.00    0.00    0.000000000   0.000000000   1       -360.000  360.000 ;
    31      32      0.029800000000000  0.098500000000000  0.025100   9900.00  0.00    0.00    0.000000000   0.000000000   1       -360.000  360.000 ;
    27      32      0.022900000000000  0.075500000000000  0.019260   9900.00  0.00    0.00    0.000000000   0.000000000   1       -360.000  360.000 ;
    15      33      0.038000000000000  0.124400000000000  0.031940   9900.00  0.00    0.00    0.000000000   0.000000000   1       -360.000  360.000 ;
    19      34      0.075200000000000  0.247000000000000  0.063200   9900.00  0.00    0.00    0.000000000   0.000000000   1       -360.000  360.000 ;
    35      36      0.002240000000000  0.010200000000000  0.002680   9900.00  0.00    0.00    0.000000000   0.000000000   1       -360.000  360.000 ;
    35      37      0.011000000000000  0.049700000000000  0.013180   9900.00  0.00    0.00    0.000000000   0.000000000   1       -360.000  360.000 ;
    33      37      0.041500000000000  0.142000000000000  0.036600   9900.00  0.00    0.00    0.000000000   0.000000000   1       -360.000  360.000 ;
    34      36      0.008710000000000  0.026800000000000  0.005680   9900.00  0.00    0.00    0.000000000   0.000000000   1       -360.000  360.000 ;
    34      37      0.002560000000000  0.009400000000000  0.009840   9900.00  0.00    0.00    0.000000000   0.000000000   1       -360.000  360.000 ;
    38      37      0.000000000000000  0.037500000000000  0.000000   9900.00  0.00    0.00    0.975000000   0.000000000   1       -360.000  360.000 ;
